0.994772 0.023164 -0.099456 28 4.61 3
0.972490 0.024187 0.231685 87 5.55 4
0.435119 0.012234 0.900290 144 5.57 7
0.998442 0.033711 -0.044468 315 6.43 11
0.998448 0.035746 -0.042707 352 6.18 14
0.873265 0.031968 0.486196 358 2.07 15 ALPHERATZ
0.512379 0.020508 0.858515 432 2.28 21 CAPH; CAS BETA
0.949168 0.037455 0.312534 448 5.57 22
0.882312 0.036017 -0.469285 493 5.42 24
0.697240 0.028641 -0.716265 496 3.88 25
0.980198 0.042952 0.193306 560 5.54 26
0.693047 0.031231 0.720216 571 5.01 27
0.135171 0.005924 -0.990805 636 5.29 30
0.962619 0.047354 -0.266689 693 4.89 33
0.883455 0.044652 -0.466383 720 5.41 34
0.816743 0.041844 -0.575482 739 5.24 35
0.963482 0.055705 0.261913 886 2.83 39 ALGENIB
0.752989 0.044458 0.656529 905 5.71 41
0.936549 0.059751 0.345408 1013 4.79 45
0.943971 0.060384 -0.324457 1038 4.44 48
0.986062 0.064542 0.153349 1061 6.02 50
0.987091 0.071481 0.143323 1227 6.12 59
0.778460 0.058165 0.624993 1280 4.61 63
0.621566 0.048148 0.781881 1337 6.11 65
0.798325 0.063981 0.598819 1404 4.51 68
0.719465 0.058843 0.692032 1438 6.10 70
0.984616 0.083667 -0.153397 1522 3.56 74
0.422933 0.037061 -0.905403 1581 4.23 77
0.985806 0.088838 0.142461 1635 5.38 80
0.785002 0.072548 0.615231 1671 5.16 82
0.346752 0.031329 -0.937433 1685 5.50 83
0.870924 0.082019 -0.484524 1737 5.18 84
0.935111 0.089096 -0.342971 1760 5.61 85
0.967790 0.094996 0.233147 1796 6.25 86
0.972523 0.097324 -0.211488 1835 6.39 88
0.777474 0.081830 0.623569 1967 7.39 90
0.469314 0.050966 0.881559 2011 5.38 93
0.993294 0.110554 0.033848 2114 5.77 97
0.219231 0.024642 -0.975362 2151 2.82 98
0.734714 0.084623 -0.673078 2261 2.40 99 ANKAA
0.718488 0.082503 -0.690629 2262 3.93 100
0.993260 0.115903 -0.000864 2273 6.16 101
0.944514 0.116170 0.307242 2411 5.01 103
0.832385 0.101940 -0.544742 2429 4.86 105
0.951834 0.117762 0.283097 2436 6.05 106
0.860696 0.113780 0.496242 2628 5.20 114
0.989059 0.130384 -0.069013 2637 5.72 117
0.394696 0.054453 0.917197 2729 6.18 121
0.574817 0.080202 0.814342 2772 4.74 123 CAS LAMBDA
0.652465 0.089998 -0.752456 2834 4.76 125
0.450343 0.062375 -0.890674 2884 4.36 126
0.450226 0.062386 -0.890733 2885 4.53 127
0.450342 0.065296 0.890465 2905 4.17 130 CAS KAPPA
0.928456 0.132924 0.346845 2910 5.38 131
0.982740 0.139846 0.121097 2913 5.69 132
0.448886 0.064545 -0.891255 3003 5.07 136
0.390296 0.059053 0.918794 3038 6.47 137
0.317769 0.046623 -0.947021 3112 6.11 139
0.986257 0.152875 -0.062664 3196 5.20 142
0.987958 0.154471 -0.008822 3229 5.94 143
0.661027 0.103767 -0.743153 3302 5.51 147
0.581589 0.094643 0.807958 3360 3.69 153 CAS ZETA
0.821020 0.133273 0.555126 3369 4.34 154
0.952467 0.154217 0.262724 3379 5.89 155
0.859652 0.146010 0.489571 3546 4.34 163
0.845805 0.146577 0.512960 3627 3.27 165
0.918283 0.159309 0.362460 3651 5.88 166
0.916721 0.161337 0.365503 3690 5.36 167
0.542802 0.096948 0.834246 3712 2.24 168 SCHEDAR; CAS ALPHA
0.759689 0.137785 0.635521 3817 5.30 175
0.625228 0.116062 0.771764 3901 4.80 179 CAS XI
0.682345 0.124392 -0.720370 3919 4.59 180
0.542774 0.100038 -0.833900 3980 5.72 183
0.669459 0.128518 0.731647 4058 4.95 184 CAS PI
0.769445 0.145092 -0.622016 4065 6.05 185
0.408090 0.076504 -0.909731 4089 5.38 187
0.933979 0.179802 -0.308796 4128 2.04 188 DIPHDA; DENEB KAITOS
0.658321 0.129268 0.741554 4142 5.66 189
0.528248 0.101137 -0.843045 4150 4.36 191
0.253897 0.051254 0.965872 4161 5.64 192
0.652803 0.129036 0.746457 4180 4.48 193 CAS OMICRON
0.964691 0.188348 -0.184111 4188 4.77 194
0.768931 0.150157 -0.621448 4211 5.90 195
0.955707 0.192177 -0.222915 4307 6.15 203
0.255731 0.054086 0.965234 4382 5.42 208
0.943933 0.194404 0.266828 4408 5.36 211
0.957723 0.199311 0.207467 4482 5.51 213
0.922249 0.192777 0.335101 4490 6.11 214
0.892258 0.186971 0.410996 4502 4.08 215
0.971928 0.203904 0.117381 4526 5.98 216
0.913710 0.193849 0.357151 4568 6.51 217
0.520462 0.113206 0.846347 4614 3.46 219 CAS ETA
0.969959 0.207450 0.127063 4627 5.92 221
0.615510 0.133171 0.776796 4636 4.90 223 CAS NU
0.968971 0.208975 0.132000 4656 4.44 224
0.934843 0.202882 0.291389 4676 5.07 225
0.736069 0.162555 0.657098 4727 4.53 226
0.864421 0.191183 0.465001 4757 5.55 230
0.864419 0.191189 0.465001 4758 7.10 231
0.959379 0.213254 -0.184702 4813 5.17 235
0.254288 0.054730 -0.965579 4815 5.09 236
0.614166 0.138086 -0.777002 4919 5.24 242
0.973177 0.229189 -0.019969 5112 4.78 248
0.341034 0.079374 -0.936694 5190 6.67 252
0.500672 0.122521 0.856923 5234 4.83 253 CAS UPSILON
0.917780 0.222827 0.328676 5267 5.80 254
0.960782 0.231963 -0.151960 5268 6.15 255
0.889940 0.217631 0.400804 5286 5.46 258
0.862948 0.215058 0.457243 5382 6.08 262
0.474230 0.119797 0.872212 5394 2.15 264 CAS GAMMA
0.496744 0.125389 0.858792 5395 4.62 265 CAS UPSILON
0.951571 0.237364 -0.195373 5437 5.35 267
0.758744 0.191822 0.622504 5448 3.86 269
0.339741 0.083142 -0.936837 5457 5.45 270
0.889192 0.226682 0.397432 5516 4.40 271
0.846981 0.218397 0.484691 5575 5.44 274
0.948326 0.248486 -0.197314 5722 5.62 279
0.843236 0.220456 -0.490257 5737 4.30 280
0.062365 0.019286 0.997867 5848 4.24 285
0.750391 0.205649 -0.628189 6055 5.59 288
0.722642 0.203482 0.660594 6116 5.95 290
0.818128 0.230035 0.527020 6118 5.50 291
0.820734 0.229306 -0.523273 6178 5.50 293
0.953409 0.268639 0.137273 6186 4.27 294
0.524778 0.145608 -0.838694 6192 6.12 295
0.958977 0.270655 -0.084310 6203 5.40 296
0.961209 0.274787 0.023855 6288 6.06 301
0.955525 0.277954 0.098561 6386 6.03 307
0.927465 0.270723 0.257909 6397 5.64 308
0.892633 0.263064 0.366066 6456 5.33 310
0.892666 0.263127 0.365940 6457 5.55 311
0.955525 0.282225 0.085568 6479 6.35 313
0.955478 0.282379 0.085581 6480 7.42 314
0.944782 0.278132 -0.173292 6482 6.09 315
0.944612 0.280190 -0.170886 6530 5.58 317
0.933731 0.279069 0.224202 6557 6.14 319
0.549391 0.168530 0.818393 6582 5.17 321 CAS MU
0.657278 0.194960 -0.727994 6595 3.32 322
0.688566 0.210555 0.693933 6658 5.04 324
0.810863 0.247983 0.530100 6680 6.23 327
0.894395 0.273238 0.354117 6695 5.56 328
0.942682 0.287167 -0.169962 6706 5.71 329
0.951185 0.292497 0.098455 6763 5.51 330
0.716568 0.218384 -0.662449 6767 5.21 331
0.452681 0.136909 -0.881099 6793 5.36 332
0.940503 0.290180 -0.176774 6805 3.46 334
0.647926 0.202743 0.734226 6811 4.26 335
0.344906 0.109832 0.932189 6829 5.32 336
0.775553 0.243527 0.582419 6860 2.07 337 MIRACH
0.544867 0.167582 -0.821605 6882 3.94 338
0.898352 0.282474 0.336411 6903 5.57 339
0.707534 0.224151 0.670188 6920 5.67 340
0.544153 0.174444 0.820650 6961 4.34 343 CAS THETA
0.401826 0.129960 0.906447 6972 5.57 345
0.941960 0.297900 -0.154814 6976 6.40 346
0.952112 0.302756 0.042673 7014 5.97 347
0.753132 0.241701 0.611860 7019 5.80 348
0.812575 0.260549 0.521379 7034 5.15 349
0.888367 0.286306 0.358933 7087 4.66 351
0.823289 0.266153 0.501356 7106 4.51 352
0.950692 0.307641 -0.039278 7147 5.93 353
0.862677 0.287598 0.416023 7318 4.67 360
0.940417 0.313428 0.131833 7344 5.21 361
0.940379 0.313519 0.131883 7345 6.44 362
0.910806 0.305315 0.277877 7374 5.97 364
0.938721 0.315912 -0.137851 7439 5.14 366
0.940289 0.317844 0.121786 7446 6.04 367
0.947046 0.320648 -0.017004 7476 5.70 368
0.663161 0.225681 -0.713643 7570 4.97 370
0.943755 0.327754 -0.043623 7672 5.42 373
0.340873 0.116970 -0.932804 7788 4.25 377
0.941057 0.332320 0.063044 7804 5.13 378
0.494671 0.180246 0.850183 7927 4.95 382 CAS PHI
0.836003 0.302077 0.458092 7964 4.74 383
0.401506 0.148296 0.903770 8003 6.33 384
0.939946 0.341206 -0.008884 8036 5.87 385
0.822467 0.303923 0.480811 8126 5.23 389
0.655822 0.246311 0.713602 8207 4.87 390
0.935754 0.352567 -0.007848 8335 6.50 393
0.738921 0.282447 0.611734 8374 5.60 395
0.346624 0.136419 0.928031 8491 4.72 399 CAS PSI
0.924416 0.355037 -0.139298 8511 6.21 401
0.924038 0.354817 -0.142331 8512 3.60 402
0.462045 0.181562 0.868072 8538 2.66 403 RUCHBAH; CAS DELTA
0.900965 0.353176 -0.252048 8705 4.90 412
0.878427 0.347150 0.328411 8723 5.35 413
0.877395 0.348689 0.329535 8763 5.50 414
0.651344 0.262009 0.712111 8799 4.83 417
0.905019 0.360422 -0.225912 8829 5.51 421
0.783017 0.312267 -0.537934 8879 6.57 423
0.010128 0.007897 0.999918 8890 1.97 424 POLARIS; UMI ALPHA
0.311275 0.130888 0.941263 9021 5.82 427
0.674147 0.273625 -0.686043 9053 3.41 429
0.629881 0.261233 0.731442 9057 5.27 430
0.877062 0.362755 0.314915 9100 6.01 432
0.859444 0.354245 -0.368601 9132 5.11 433
0.918270 0.381216 0.107027 9138 4.84 434
0.888533 0.374797 0.264645 9270 3.62 437
0.603854 0.253991 -0.755546 9362 3.93 440
0.469193 0.203846 0.859246 9408 4.68 442 CAS CHI
0.881892 0.386337 -0.270203 9672 5.62 451
0.884186 0.392621 0.253107 9766 6.23 455
0.265165 0.121564 0.956509 9774 5.28 456
0.684125 0.307457 0.661396 9826 4.10 458
0.880774 0.392066 -0.265560 9856 5.41 459
0.791674 0.353058 -0.498600 9906 5.69 462
0.891193 0.401918 0.210327 9919 5.54 463
0.601439 0.274065 0.750440 9927 3.59 464
0.648539 0.300184 0.699490 10072 5.01 469
0.492725 0.223802 -0.840913 10144 0.45 472 ACHERNAR
0.869974 0.404195 0.282440 10164 5.98 475
0.687555 0.322733 0.650471 10205 4.96 477
0.337246 0.161474 0.927465 10221 5.57 478
0.298887 0.144052 0.943353 10250 5.18 480
0.504440 0.234654 -0.830950 10360 5.76 486
0.504453 0.234686 -0.830933 10361 5.76 487
0.899508 0.426309 0.095631 10380 4.45 489
0.442515 0.214228 0.870797 10425 5.78 491
0.845806 0.405693 0.346447 10476 5.24 493
0.569826 0.276878 0.773716 10516 4.01 496
0.762466 0.364266 -0.534749 10537 5.25 497
0.533286 0.255753 -0.806347 10647 5.52 506
0.842463 0.415141 0.343388 10697 6.27 508
0.864080 0.421839 -0.274623 10700 3.49 509
0.884691 0.438170 0.159151 10761 4.26 510
0.811366 0.402961 -0.423448 10830 5.29 514
0.852828 0.427939 0.299252 10845 6.55 515
0.170156 0.080573 -0.982118 10859 6.33 516
0.565307 0.282156 -0.775123 10934 5.49 519
0.531930 0.265507 -0.804087 10939 5.04 520
0.851931 0.434931 0.291631 10982 5.86 522
0.820549 0.427802 0.379058 11154 5.83 530
0.872445 0.452167 -0.185430 11171 4.66 531
0.504589 0.268262 0.820625 11241 5.53 533
0.868865 0.456488 0.191553 11257 5.92 534
0.557932 0.297145 0.774866 11291 5.70 536
0.869708 0.459807 -0.179402 11353 3.74 539 BATEN KAITOS
0.389424 0.212309 0.896255 11415 3.35 542 CAS EPSILON
0.667082 0.359521 0.652493 11428 5.42 543
0.765940 0.411906 0.493629 11443 3.42 544
0.830381 0.448655 0.330417 11502 3.88 546
0.830371 0.448652 0.330446 11503 4.83 545
0.317916 0.176224 0.931598 11529 4.97 548 CAS OMEGA
0.878380 0.474718 0.055603 11559 4.61 549
0.152098 0.077312 -0.985337 11604 6.05 550
0.820248 0.448325 0.355242 11636 2.64 553 SHERATAN
0.607639 0.328710 -0.722997 11695 4.39 555
0.695923 0.386367 0.605319 11749 5.69 557
0.647399 0.352855 -0.675550 11753 5.12 558
0.801897 0.443815 0.399986 11763 5.76 559
0.829935 0.466455 0.305987 11909 5.09 563
0.806576 0.450177 -0.383114 11930 4.92 565
0.543223 0.300950 -0.783797 11937 3.69 566
0.567874 0.323116 0.757044 11949 5.70 568
0.797724 0.451007 0.400286 11973 4.79 569
0.333476 0.182825 -0.924861 11977 4.68 570
0.281870 0.165966 0.944989 12111 4.49 575
0.259260 0.154913 0.953303 12216 3.95 580
0.188161 0.114311 0.975463 12230 5.27 581
0.864432 0.499837 0.054038 12235 5.89 582
0.809920 0.466523 -0.355508 12255 5.43 583
0.808075 0.466559 -0.359635 12274 3.99 585
0.364658 0.216679 0.905580 12279 6.00 586
0.371469 0.221008 0.901757 12301 5.59 589
0.500115 0.295476 0.813989 12303 4.99 590
0.413580 0.235817 -0.879399 12311 2.86 591
0.204868 0.124962 0.970780 12339 5.22 592
0.176704 0.097785 -0.979395 12363 6.15 593
0.747622 0.437079 -0.500024 12438 5.34 594
0.860524 0.507123 0.048218 12446 3.82 595
0.860524 0.507123 0.048215 12447 4.33 596
0.718492 0.427314 0.548791 12471 5.50 599
0.612765 0.359891 -0.703561 12524 5.15 602
0.633855 0.380477 0.673398 12533 2.10 603 ALMACH
0.633824 0.380507 0.673410 12534 4.84 604
0.771537 0.462004 0.437358 12558 5.64 605
0.858972 0.512017 0.002242 12573 5.42 607
0.857597 0.514288 -0.005937 12641 5.96 610
0.746569 0.450762 -0.489334 12767 4.68 612
0.785697 0.484145 0.385075 12869 5.03 613
0.766575 0.473540 0.433731 12885 6.01 615
0.779683 0.483290 0.398153 12929 2.01 617 HAMAL
0.668664 0.419801 0.613723 13041 4.78 620
0.691851 0.438816 0.573396 13161 3.00 622
0.759639 0.481252 0.437429 13174 4.98 623
0.449471 0.290460 0.844754 13267 6.38 627
0.653463 0.419840 0.629857 13294 6.09 628
0.653403 0.419858 0.629908 13295 6.82 629
0.793628 0.508648 0.333814 13325 5.68 631
0.755899 0.487148 0.437382 13363 6.01 633
0.716061 0.462429 0.522892 13372 6.24 634
0.830824 0.536213 0.149019 13421 5.64 635
0.839200 0.542889 -0.031853 13468 5.94 639
0.331719 0.220571 0.917230 13474 6.05 640
0.723316 0.471398 0.504576 13480 4.94 642
0.598838 0.393447 0.697562 13520 4.84 643
0.524636 0.345935 0.777873 13530 5.31 645
0.780078 0.510467 0.361803 13555 5.23 646
0.806598 0.529102 0.263535 13596 5.72 648
0.826337 0.541771 0.153792 13611 4.36 649
0.836061 0.547044 -0.041762 13612 5.65 650
0.719095 0.471045 -0.510901 13709 5.27 652
0.692573 0.466875 0.549883 13869 5.25 655
0.747019 0.502760 0.434966 13871 5.79 656
0.751731 0.505684 0.423302 13872 5.57 657
0.683373 0.465468 0.562442 13974 4.84 660
0.437946 0.300983 0.847120 13982 5.75 661
0.442503 0.304342 0.843545 13994 5.99 662
0.685862 0.468363 0.556982 14055 4.03 664
0.821444 0.559213 -0.111848 14129 5.51 666
0.314296 0.208505 -0.926144 14141 5.57 667
0.774618 0.533007 0.340399 14191 5.58 669
0.555891 0.386645 0.735861 14212 5.31 670
0.515178 0.349157 -0.782740 14228 3.56 674
0.721208 0.500086 0.479346 14252 5.29 675
0.314446 0.211052 -0.925516 14287 5.67 678
0.819677 0.570467 -0.051936 14386 6.47 681
0.523320 0.369742 0.767742 14392 5.57 682
0.456555 0.326732 0.827528 14489 5.16 685
0.814238 0.580490 0.006906 14652 5.29 689
0.813494 0.581368 -0.015441 14690 5.42 691
0.519270 0.378709 0.766119 14770 5.19 694
0.743535 0.533008 -0.403806 14802 5.19 695
0.443437 0.325937 0.834942 14818 6.25 696
0.514332 0.379279 0.769162 14872 4.73 699
0.793118 0.580567 0.184133 14951 5.48 702
0.805565 0.590519 -0.048502 15004 6.34 704
0.296496 0.211001 -0.931434 15008 4.08 705
0.305802 0.232677 0.923226 15089 4.46 707 CAS IOTA
0.785560 0.581019 -0.212867 15130 4.88 708
0.507469 0.381928 0.772403 15138 6.16 709
0.679941 0.509879 0.526976 15176 5.55 712
0.399546 0.292691 -0.868732 15233 5.36 714
0.228608 0.164384 -0.959540 15248 5.99 715
0.693550 0.523418 0.494997 15257 5.29 717
0.789533 0.595813 0.147120 15318 4.30 718
0.690270 0.523986 0.498966 15335 5.89 720
0.539241 0.402615 -0.739676 15371 4.24 721
0.663507 0.500116 -0.556456 15427 5.13 724
0.744590 0.574652 0.339647 15550 6.14 729
0.753481 0.582915 0.304100 15596 6.21 731
0.636100 0.497433 0.589862 15656 5.15 736
0.787459 0.616102 -0.018060 15779 5.36 739
0.760055 0.594290 -0.262936 15798 4.74 740
0.758690 0.597580 0.259400 15814 6.00 741
0.645773 0.509623 -0.568561 15975 5.91 744
0.689877 0.547992 -0.473048 16046 4.96 749
0.639517 0.516855 0.569103 16058 5.38 750
0.773343 0.619065 -0.136741 16074 5.74 752
0.773788 0.625902 0.097467 16161 4.87 754
0.769895 0.623455 -0.136259 16212 5.53 759
0.703930 0.574942 0.417043 16232 6.68 764
0.757187 0.616608 0.215551 16234 5.64 763
0.703821 0.575084 0.417030 16246 6.48 765
0.672355 0.545214 -0.500680 16307 5.74 767
0.771110 0.633940 -0.059238 16400 5.65 771
0.637657 0.520881 -0.567518 16417 5.78 772
0.713526 0.592468 0.373983 16432 5.45 773
0.149052 0.116106 -0.981989 16522 5.27 776
0.666193 0.550682 -0.502928 16538 5.84 777
0.470279 0.385619 -0.793811 16555 5.30 778
0.767481 0.641046 0.005734 16582 4.08 779
0.750860 0.627606 -0.205719 16620 4.83 781
0.680469 0.574450 0.454939 16628 5.30 782
0.433296 0.373505 0.820213 16727 5.76 785
0.580304 0.496717 0.645383 16739 4.91 788
0.561650 0.470440 -0.680614 16754 4.74 789
0.762524 0.646846 -0.012136 16765 5.72 790
0.713522 0.611375 0.342210 16811 5.74 793
0.586630 0.495151 -0.640851 16815 4.11 794
0.745737 0.639639 0.186383 16861 6.32 797
0.492492 0.428853 0.757322 16895 4.10 799
0.539991 0.469763 0.698379 16901 5.43 800
0.669559 0.579233 0.464953 16908 4.65 801
0.443226 0.374090 -0.814621 16920 5.21 802
0.755497 0.652715 0.056452 16970 3.47 804
0.284081 0.237502 -0.928919 16978 4.12 806
0.717858 0.625776 0.305097 17017 6.40 808
0.726400 0.634514 0.264073 17036 5.78 809
0.479599 0.411621 -0.774954 17051 5.40 810
0.732399 0.637352 -0.239528 17081 4.24 811
0.734288 0.643718 0.215519 17093 5.17 812
0.740327 0.648904 0.175611 17094 4.27 813
0.257682 0.233908 0.937490 17138 6.26 815
0.712413 0.625317 -0.318507 17206 4.47 818
0.648643 0.583566 0.488582 17361 4.52 824
0.704143 0.636992 0.313725 17459 5.83 828
0.263444 0.245621 0.932881 17463 5.94 829
0.332482 0.292755 -0.896521 17504 5.73 833
0.412241 0.380060 0.828017 17506 3.77 834
0.605662 0.543253 -0.581421 17528 6.51 835
0.705277 0.642275 0.300112 17543 5.26 836
0.285706 0.251756 -0.924657 17566 4.83 837
0.655433 0.600505 0.458041 17573 3.61 838
0.577099 0.531516 0.620038 17584 4.22 840
0.624722 0.567902 -0.535919 17652 4.45 841
0.599834 0.556980 0.574432 17709 4.56 843
0.670976 0.614028 -0.415646 17713 6.14 844
0.651581 0.596554 -0.468578 17729 5.39 845
0.707617 0.656942 0.260204 17769 5.52 847
0.597062 0.548286 -0.585576 17793 5.92 848
0.685423 0.633815 -0.358433 17824 4.76 850
0.597298 0.550560 -0.583197 17829 5.48 851
0.338246 0.307302 -0.889469 17848 5.25 852
0.438470 0.417031 0.796134 17878 3.93 854
0.569645 0.539203 0.620295 17904 5.34 855
0.569184 0.538121 -0.621655 18149 5.93 863
0.683386 0.658834 0.314517 18191 5.76 867
0.682792 0.661862 0.309409 18256 5.58 869
0.189628 0.174488 -0.966227 18293 4.76 872
0.607149 0.592947 0.528947 18296 5.10 873
0.709405 0.687621 -0.154669 18322 3.89 874 AZHA
0.667101 0.656043 0.352965 18404 5.80 878
0.547276 0.541389 0.638269 18411 4.68 879
0.580290 0.575558 0.576191 18449 4.94 882
0.653973 0.639273 -0.404536 18454 5.44 883
0.660884 0.656356 0.363909 18519 4.63 887
0.660886 0.656355 0.363906 18520 4.63 888
0.653300 0.642527 -0.400447 18535 5.82 889
0.699447 0.697710 0.154838 18604 4.71 896
0.543324 0.535145 -0.646853 18622 2.88 897 ACAMAR
0.543304 0.535171 -0.646849 18623 4.35 898
0.707420 0.705484 -0.043007 18633 5.56 899
0.640530 0.638304 -0.426953 18692 5.69 901
0.703597 0.708823 -0.050221 18760 6.11 904
0.627745 0.638254 0.445609 18769 5.91 905
0.697217 0.704349 -0.133343 18784 5.75 907
0.310804 0.307556 -0.899339 18866 4.98 909
0.697722 0.712336 0.075899 18883 5.62 910
0.698256 0.712287 0.071322 18884 2.54 911 MENKAR
0.619377 0.628218 -0.470865 18907 5.88 914
0.411647 0.429248 0.803924 18925 2.91 915
0.692438 0.708975 -0.133735 18953 5.32 917
0.378664 0.397430 0.835861 18970 4.77 918
0.641046 0.654575 -0.400738 18978 4.08 919
0.538186 0.563056 0.627155 19058 3.32 921
0.687700 0.713844 -0.132272 19107 5.26 925
0.624147 0.654531 0.426651 19134 5.45 927
0.624146 0.654531 0.426652 19135 7.00 928
0.350689 0.361930 -0.863727 19319 5.12 934
0.514650 0.552710 0.655475 19356 2.09 936 ALGOL
0.439723 0.475889 0.761691 19373 4.05 937
0.650794 0.694409 0.307024 19374 6.13 938
0.217479 0.221804 -0.950529 19400 5.51 939
0.644569 0.693345 0.322184 19460 6.24 940
0.480051 0.521566 0.705351 19476 3.79 941
0.591533 0.643356 0.485986 19548 5.74 944
0.517259 0.570907 0.637580 19656 4.61 947
0.630997 0.698508 0.337534 19787 4.35 951
0.594147 0.661243 0.457983 19832 5.78 954
0.663197 0.739402 0.115993 19926 5.55 958
0.666478 0.745232 -0.020872 19994 5.07 962
0.585094 0.650220 -0.484643 20010 3.80 963
0.615669 0.701429 0.359095 20150 4.87 972
0.467480 0.546328 0.694973 20315 5.49 982
0.648842 0.745315 -0.153328 20320 4.80 984
0.414188 0.487655 0.768532 20365 5.16 987
0.645762 0.746779 -0.159102 20395 6.14 988
0.414228 0.489856 0.767109 20418 5.05 989
0.648130 0.761357 -0.016233 20559 5.62 992
0.598834 0.703430 -0.382863 20610 4.86 994
0.572572 0.681943 0.455099 20618 5.91 995
0.643812 0.762922 0.058783 20630 4.84 996
0.578096 0.691556 0.433077 20663 6.14 1000
0.464056 0.560168 0.686195 20677 4.96 1002
0.598495 0.710208 -0.370686 20720 3.70 1003
0.595667 0.717656 0.360764 20756 5.27 1005
0.299504 0.349873 -0.887630 20766 5.53 1006
0.637746 0.767574 0.064109 20791 5.70 1007
0.469833 0.559365 -0.682911 20794 4.26 1008 82 G ERIDANI
0.299517 0.351266 -0.887075 20807 5.24 1010
0.563064 0.684256 0.463413 20825 5.55 1012
0.592471 0.723565 0.354162 20893 5.10 1015
0.404980 0.501550 0.764486 20902 1.79 1017 MIRFAK
0.570683 0.706673 0.418251 21017 5.50 1022
0.143274 0.164754 -0.975873 21024 5.51 1025
0.586911 0.727595 0.355164 21050 6.07 1027
0.618792 0.769719 0.156935 21120 3.61 1030
0.609613 0.774463 0.169053 21364 3.73 1038
0.504322 0.633625 -0.586667 21423 6.39 1042
0.396707 0.514053 0.760508 21428 4.67 1044
0.566133 0.727511 0.387584 21467 6.03 1048
0.406047 0.531927 0.743088 21552 4.36 1052
0.501324 0.639111 -0.583277 21574 5.71 1054
0.498470 0.639114 -0.585714 21635 6.49 1058
0.595499 0.778936 0.196570 21686 5.14 1061
0.590361 0.775470 0.223874 21754 4.14 1066
0.416564 0.555004 0.720031 21770 5.30 1069
0.604243 0.791874 -0.088463 21790 4.74 1070
0.591718 0.789520 0.162871 21933 5.76 1079
0.277946 0.360171 -0.890518 22001 4.71 1083
0.590396 0.790207 -0.164330 22049 3.72 1084
0.540001 0.732732 0.414129 22091 5.95 1086
0.390681 0.540148 0.745391 22192 4.32 1087
0.553619 0.746725 -0.368657 22203 4.26 1088
0.559706 0.772422 -0.300157 22470 5.24 1100
0.584677 0.811236 0.007031 22484 4.29 1101
0.445501 0.619379 -0.646450 22663 4.57 1106
0.574299 0.812755 -0.098029 22713 5.97 1111
0.510505 0.720974 -0.468595 22789 6.01 1114
0.573287 0.817617 0.053326 22796 5.55 1115
0.515938 0.742142 0.427824 22805 6.11 1118
0.568930 0.817356 -0.090818 22920 5.53 1121
0.378320 0.555245 0.740660 22928 3.01 1122
0.468639 0.684285 0.558687 22951 4.97 1123
0.532185 0.776623 0.337100 23016 5.68 1126
0.471750 0.701501 0.534179 23180 3.84 1131
0.527308 0.780191 0.336523 23183 6.13 1132
0.479904 0.699888 -0.529007 23227 4.99 1134
0.408576 0.612599 0.676600 23230 3.77 1135
0.553764 0.815216 -0.169611 23249 3.52 1136
0.507040 0.757432 0.411349 23288 5.45 1140
0.507503 0.758638 0.408545 23302 3.72 1142 ELECTRA
0.448089 0.657092 -0.606173 23319 4.59 1143
0.503640 0.754906 0.420076 23324 5.66 1144
0.504991 0.757260 0.414175 23338 4.30 1145
0.557237 0.830105 -0.020298 23363 5.24 1146
0.171556 0.270219 0.947391 23401 4.59 1148
0.503343 0.759218 0.412594 23408 3.87 1149
0.555777 0.831315 -0.005179 23413 5.56 1150
0.502328 0.758272 0.415560 23432 5.76 1151
0.501970 0.758740 0.415138 23441 6.43 1152
0.550042 0.828459 0.105397 23466 5.34 1153
0.503337 0.762814 0.405915 23480 4.14 1156
0.539167 0.815688 -0.209648 23614 4.43 1162
0.498866 0.764415 0.408414 23630 2.85 1165 ALCYONE
0.479697 0.727892 -0.489963 23738 5.91 1171
0.504276 0.768051 -0.394719 23754 4.22 1173
0.533398 0.823490 0.193265 23793 5.08 1174
0.237734 0.353094 -0.904880 23817 3.84 1175
0.451552 0.705699 0.545976 23848 5.14 1177
0.493455 0.768357 0.407590 23850 3.62 1178 ATLAS
0.493053 0.767910 0.408917 23862 5.05 1180
0.499171 0.766168 -0.404740 23878 5.24 1181
0.471084 0.724946 -0.502527 23940 5.52 1184
0.429663 0.665412 -0.610424 24071 4.30 1189
0.429657 0.665410 -0.610429 24072 4.73 1190
0.435197 0.679549 -0.590607 24160 4.17 1195
0.526463 0.842546 0.113809 24263 5.66 1199
0.525041 0.845932 -0.093435 24388 5.48 1202
0.443248 0.724251 0.528196 24398 2.84 1203 ATIK
0.148693 0.227307 -0.962404 24512 3.26 1208
0.443231 0.733195 0.515724 24534 6.79 1209
0.324805 0.543826 0.773793 24546 5.28 1210
0.520727 0.852168 -0.051513 24554 6.14 1211
0.520720 0.852170 -0.051547 24555 4.79 1212
0.476004 0.774577 -0.416475 24587 4.64 1213
0.430475 0.700060 -0.569743 24626 5.11 1214
0.472908 0.793839 0.382333 24740 5.62 1218
0.389160 0.659699 0.642925 24760 2.90 1220
0.469815 0.790185 0.393550 24769 6.05 1221
0.408746 0.700642 0.584831 24912 3.98 1228 MENKIB
0.493393 0.837855 -0.233585 25025 2.97 1231 ZAURAK
0.485654 0.846974 0.216276 25204 3.41 1239
0.456975 0.790903 -0.406996 25267 4.62 1240
0.494012 0.869034 -0.027043 25340 5.28 1244
0.241610 0.413241 -0.877984 25422 4.56 1247
0.485362 0.868065 0.104343 25490 3.91 1251
0.441271 0.799042 0.408426 25555 5.46 1252
0.483604 0.870146 0.094728 25558 5.32 1253
0.446790 0.811821 0.375934 25604 4.36 1256
0.303034 0.561528 0.769972 25642 4.25 1261
0.444744 0.813487 0.374756 25680 5.90 1262
0.231923 0.405357 -0.884250 25705 4.48 1264
0.239420 0.420178 -0.875288 25728 4.97 1266
0.420797 0.779927 0.463296 25823 5.18 1268
0.413940 0.770451 0.484829 25867 5.21 1269
0.314169 0.595000 0.739779 25940 3.96 1273
0.370531 0.698762 0.611913 25975 6.07 1277
0.367899 0.696369 0.616215 25998 5.52 1278
0.438010 0.833977 0.335605 26162 5.51 1283
0.410420 0.795441 0.445901 26322 5.39 1287
0.456939 0.881292 -0.120550 26409 5.44 1290
0.454448 0.885558 0.096246 26462 5.71 1292
0.451280 0.884404 -0.119059 26574 4.04 1298 BEID
0.340760 0.660496 -0.669050 26612 4.93 1302
0.293859 0.595217 0.747907 26630 4.12 1303
0.336732 0.681989 0.649232 26673 4.67 1306
0.443891 0.885965 0.134263 26690 5.29 1309
0.440610 0.883146 0.160982 26722 4.84 1311
0.437551 0.881391 -0.178045 26846 4.87 1318
0.423499 0.866096 0.265569 26911 6.31 1319
0.434906 0.887109 0.154580 26912 4.27 1320
0.274410 0.576887 0.769351 26961 4.60 1324
0.437217 0.889463 -0.133027 26965 4.43 1325
0.330050 0.661988 -0.672933 26967 3.85 1326
0.405761 0.843688 0.351494 27045 4.93 1329
0.398923 0.839995 0.367790 27176 5.64 1331
0.265937 0.571552 0.776277 27192 5.55 1333
0.205446 0.413976 -0.886801 27256 3.33 1336
0.272909 0.559701 -0.782468 27290 4.26 1338
0.396254 0.844326 0.360687 27295 5.50 1339
0.393894 0.840983 0.370940 27309 5.34 1341
0.346673 0.746936 0.567366 27348 4.93 1343
0.407786 0.872434 0.269385 27371 3.65 1346
0.358103 0.749883 -0.556271 27376 3.55 1347
0.374130 0.805569 0.459439 27382 4.97 1348
0.286684 0.625829 0.725362 27396 4.80 1350
0.410153 0.879181 0.242519 27397 5.58 1351
0.222825 0.459322 -0.859868 27442 4.44 1355
0.405727 0.876106 0.260429 27459 5.26 1356
0.416113 0.899662 -0.132127 27563 5.85 1363
0.402018 0.882735 0.243230 27628 5.72 1368
0.371807 0.821378 0.432548 27638 5.38 1369
0.194318 0.405896 -0.893022 27657 5.88 1372
0.391869 0.869246 0.301415 27697 3.77 1373
0.391648 0.873665 0.288653 27749 5.64 1376
0.335076 0.756907 0.561085 27777 5.73 1377
0.370713 0.832595 0.411531 27778 6.34 1378
0.335296 0.758636 0.558612 27786 5.77 1379
0.387670 0.871691 0.299777 27819 4.80 1380
0.401739 0.900881 0.164376 27820 5.10 1381
0.407135 0.911029 -0.065322 27861 5.17 1383
0.371280 0.847489 0.379359 27934 4.21 1387
0.371353 0.848134 0.377843 27946 5.27 1388
0.381333 0.871683 0.307822 27962 4.30 1389
0.384873 0.881159 0.274649 27991 6.44 1391
0.366424 0.845810 0.387736 28024 4.28 1392
0.337013 0.757265 -0.559439 28028 3.97 1393
0.382698 0.883775 0.269228 28052 4.48 1394
0.185969 0.407539 -0.894051 28093 5.24 1395
0.383325 0.888004 0.253992 28100 4.69 1396
0.362300 0.846235 0.390673 28149 5.53 1399
0.373217 0.883953 0.281666 28292 4.96 1407
0.376359 0.890847 0.254451 28294 5.90 1408
0.366705 0.870394 0.328546 28305 3.53 1409
0.373449 0.885951 0.275003 28307 3.84 1411
0.373281 0.886496 0.273471 28319 3.40 1412
0.377374 0.898121 0.225761 28355 5.02 1414
0.388468 0.921147 0.024098 28375 5.53 1415
0.220587 0.546181 0.808101 28446 5.78 1417
0.367966 0.889910 0.269557 28485 5.58 1422
0.073181 0.153404 -0.985450 28525 5.67 1426
0.365908 0.890483 0.270465 28546 5.47 1428
0.369321 0.898506 0.237253 28556 5.40 1430
0.360900 0.891707 0.273147 28677 6.01 1432
0.269497 0.679071 0.682813 28704 6.09 1434
0.375101 0.926984 -0.000768 28749 4.91 1437
0.268433 0.654791 -0.706536 28873 5.07 1443
0.354867 0.899129 0.256197 28910 4.65 1444
0.364323 0.923850 -0.117345 29009 5.71 1449
0.361946 0.921139 -0.143171 29064 5.20 1451
0.319870 0.806978 -0.496456 29085 4.49 1453
0.267259 0.702552 0.659541 29094 4.25 1454
0.061321 0.132966 -0.989222 29116 5.78 1456
0.343905 0.894970 0.284179 29139 0.87 1457 ALDEBARAN
0.354135 0.918404 0.176413 29140 4.25 1458
0.356457 0.932480 -0.058478 29248 3.93 1463
0.310156 0.803279 -0.508475 29291 3.81 1464
0.209991 0.533063 -0.819602 29305 3.30 1465
0.203650 0.559274 0.803579 29316 5.36 1466
0.205671 0.564399 0.799471 29317 5.07 1467
0.353307 0.935345 0.017423 29335 5.32 1469
0.335970 0.900466 0.276197 29375 5.78 1472
0.341267 0.914664 0.216625 29388 4.27 1473
0.351506 0.935190 -0.043155 29391 5.22 1474
0.332436 0.902967 0.272281 29479 5.08 1478
0.331766 0.902614 0.274262 29488 4.67 1479
0.338633 0.907904 -0.247060 29503 3.86 1481
0.334070 0.918562 0.211285 29589 5.45 1484
0.166365 0.437737 -0.883577 29712 5.59 1492
0.239967 0.686245 0.686647 29722 5.30 1494
0.320355 0.885471 -0.336623 29755 4.32 1496
0.306441 0.868311 0.390040 29763 4.27 1497
0.300117 0.862171 0.408155 29859 6.18 1499
0.252993 0.700447 -0.667359 29875 4.44 1502
0.265893 0.751458 -0.603831 29992 5.04 1503
0.323457 0.933810 -0.152887 30020 5.98 1505
0.323431 0.933814 -0.152919 30021 6.70 1506
0.321627 0.935249 -0.147871 30076 5.78 1508
0.169390 0.521356 0.836358 30121 5.29 1511
0.210383 0.600544 -0.771418 30185 5.30 1516
0.246284 0.712608 -0.656912 30202 6.24 1518
0.318848 0.946104 -0.056773 30211 4.01 1520
0.163365 0.476824 -0.863685 30478 5.28 1530
0.297191 0.909303 -0.291284 30495 5.49 1532
0.238897 0.756662 0.608598 30504 4.89 1533
0.290257 0.916874 0.274031 30605 6.09 1537
0.294391 0.913390 -0.281162 30606 5.76 1538
0.268186 0.823265 -0.500312 30608 6.35 1539
0.107623 0.308469 -0.945126 30612 5.53 1541
0.113881 0.384767 0.915962 30614 4.26 1542
0.299168 0.946472 0.121198 30652 3.19 1543 ORI PI3
0.294568 0.943023 0.154715 30739 4.35 1544 ORI PI2
0.279181 0.904310 0.322926 30780 5.08 1547
0.287969 0.916011 -0.279281 30814 5.03 1549
0.232287 0.767355 0.597670 30834 4.79 1551
0.294269 0.950719 0.097672 30836 3.68 1552 ORI PI4
0.159340 0.547136 0.821738 30958 5.52 1555
0.281220 0.927533 0.246166 30959 4.71 1556 ORI OMICRON1
0.224994 0.716528 -0.660277 30985 6.06 1557
0.287330 0.953106 -0.095025 31109 4.36 1560
0.286336 0.957129 0.043764 31139 5.33 1562
0.176740 0.568521 -0.803459 31203 5.58 1563
0.176698 0.568561 -0.803441 31204 6.42 1564
0.282706 0.958261 0.042585 31237 3.71 1567 ORI PI5
0.159785 0.569281 0.806466 31278 4.43 1568
0.275179 0.940762 0.198102 31283 5.18 1569
0.275882 0.944895 0.176245 31295 4.64 1570 ORI PI1
0.227242 0.805653 0.547069 31398 2.69 1577
0.266488 0.935079 0.233693 31421 4.06 1580 ORI OMICRON2
0.267171 0.921268 -0.282640 31444 5.71 1581
0.272831 0.957830 -0.090135 31512 5.50 1582
0.244959 0.880470 0.405917 31553 5.79 1586
0.155775 0.579059 0.800266 31579 6.09 1588
0.241505 0.873151 0.423417 31592 5.79 1590
0.206729 0.761629 0.614154 31647 4.93 1592
0.199017 0.746726 0.634659 31761 5.95 1599
0.264814 0.963836 0.029911 31767 4.47 1601 ORI PI6
0.198010 0.744006 0.638159 31780 6.46 1602
0.120555 0.478343 0.869859 31910 4.03 1603
0.180739 0.698473 0.692437 31964 3.03 1605
0.251821 0.933426 -0.255544 31996 7.71 1607
0.255339 0.950294 -0.178167 32008 5.39 1608
0.252942 0.942815 -0.217073 32045 4.78 1611
0.187224 0.730220 0.657058 32068 3.69 1612
0.250770 0.959958 -0.124883 32249 4.80 1617
0.228510 0.901325 0.367963 32301 4.62 1620
0.120021 0.501283 0.856919 32343 5.22 1622
0.119717 0.500602 0.857360 32357 6.08 1623
0.072520 0.249558 -0.965641 32440 5.47 1629
0.227906 0.893281 -0.387436 32503 5.74 1634
0.143223 0.604436 0.783673 32537 4.98 1637
0.230908 0.936015 0.265627 32549 4.65 1638
0.173913 0.731631 0.659144 32630 3.18 1641
0.235961 0.971545 0.020552 32736 6.10 1648
0.161519 0.633804 -0.756441 32743 5.37 1649
0.195597 0.790448 -0.580459 32831 4.55 1652
0.194950 0.788282 -0.583615 32846 6.32 1653
0.217991 0.898679 -0.380600 32887 3.19 1654
0.215382 0.922714 0.319704 32923 4.91 1656
0.229457 0.969929 -0.081159 32964 5.12 1657
0.211586 0.912972 0.348874 32977 5.28 1658
0.204650 0.888386 0.410961 32990 5.50 1659
0.209303 0.905219 0.369825 32991 5.84 1660
0.223399 0.960733 0.164578 33021 6.15 1662
0.154213 0.629809 -0.761288 33042 5.05 1663
0.222981 0.963556 0.147785 33054 5.33 1664
0.224698 0.970387 -0.088655 33111 2.78 1666 CURSA
0.216088 0.961333 0.170719 33254 5.43 1672
0.221185 0.972132 -0.077698 33256 5.11 1673
0.126637 0.522572 -0.843138 33262 4.71 1674
0.209703 0.940070 0.268874 33276 4.81 1676
0.079245 0.310421 -0.947290 33285 5.30 1677
0.092406 0.449385 0.888546 33296 6.49 1678
0.217511 0.964119 -0.152194 33328 4.25 1679
0.157971 0.766669 0.622305 33641 4.82 1689
0.202221 0.957499 -0.205677 33802 4.45 1696
0.202145 0.978083 0.049917 33856 4.46 1698 ORI RHO
0.195833 0.940087 -0.279082 33904 3.29 1702
0.197505 0.954378 -0.223952 33949 4.36 1705
0.162728 0.825746 0.540058 33959 5.01 1706
0.130501 0.682303 0.719328 34029 0.08 1708 CAPELLA
0.178693 0.907892 0.379212 34053 6.26 1711
0.156534 0.811010 0.563702 34078 5.99 1712
0.195052 0.970363 -0.142657 34085 0.18 1713 RIGEL; ORI BETA
0.034549 0.126399 -0.991378 34172 5.84 1716
0.186793 0.962515 0.196654 34203 5.52 1718
0.092933 0.519940 0.849132 34233 6.13 1719
0.151558 0.821249 0.550073 34334 4.54 1726
0.150370 0.817588 0.555823 34364 6.15 1728
0.135669 0.752786 0.644133 34411 4.69 1729
0.146139 0.816200 0.558982 34499 6.49 1734
0.182612 0.975936 -0.119173 34503 3.59 1735 ORI TAU
0.163774 0.911961 0.376171 34559 4.96 1739
0.143977 0.816855 0.558586 34578 5.05 1740
0.151288 0.806135 -0.572066 34642 4.81 1743
0.077708 0.379885 -0.921764 34649 4.81 1744
0.176958 0.983176 0.045292 34658 5.34 1746
0.123650 0.735095 0.666593 34759 5.22 1749
0.085189 0.529839 0.843809 34787 5.24 1751
0.170852 0.958564 -0.227956 34816 4.29 1756
0.169720 0.962133 -0.213297 34863 5.29 1757
0.166066 0.986092 -0.006675 35039 4.72 1765
0.111926 0.624695 -0.772806 35072 5.44 1767
0.139238 0.864006 0.483845 35076 6.45 1768
0.161151 0.984991 0.061823 35149 4.99 1770
0.122064 0.785138 0.607173 35186 5.02 1773
0.151370 0.945789 0.287350 35189 6.09 1774
0.147554 0.942850 0.298767 35296 5.00 1780
0.153915 0.958320 -0.240692 35337 5.25 1783
0.155209 0.978496 -0.135853 35369 4.13 1784
0.154339 0.987895 -0.015562 35410 5.07 1787
0.154243 0.987147 -0.041826 35411 3.35 1788 ORI ETA
0.153134 0.987680 0.032221 35439 4.89 1789 ORI PSI1
0.150628 0.982385 0.110597 35468 1.64 1790 BELLATRIX; ORI GAMMA
0.128659 0.868439 0.478812 35497 1.65 1791 ELNATH
0.141181 0.947360 0.287363 35532 6.23 1798
0.091087 0.549751 -0.830347 35580 6.10 1801
0.058788 0.449114 0.891539 35583 5.43 1802
0.115982 0.816164 0.566061 35620 5.08 1805
0.135808 0.941515 0.308391 35671 5.40 1808
0.130560 0.918361 0.373586 35708 4.88 1810
0.143985 0.988105 0.054003 35715 4.59 1811 ORI PSI2
0.134862 0.952364 0.273525 35770 5.52 1814
0.132811 0.945796 0.296362 35802 5.77 1816
0.093596 0.604096 -0.791396 35860 6.26 1818
0.120991 0.897074 0.424994 35943 5.47 1821
0.064663 0.537516 0.840771 36066 6.44 1828
0.129146 0.926117 -0.354442 36079 2.81 1829 NIHAL
0.131657 0.991112 -0.019061 36167 4.71 1834
0.075605 0.510780 -0.856381 36189 5.14 1836
0.128743 0.988964 0.073323 36217 6.21 1837
0.126449 0.986545 0.103630 36267 4.20 1839
0.124944 0.990500 0.057427 36351 5.46 1842
0.100466 0.840283 0.532759 36371 4.71 1843
0.114636 0.940842 0.318864 36389 4.32 1845
0.117411 0.927026 -0.356144 36473 5.53 1849
0.121832 0.992538 -0.004964 36485 6.85 1851 ORI DELTA
0.121839 0.992536 -0.005220 36486 2.25 1852 MINTAKA; ORI DELTA
0.121178 0.984461 -0.127091 36512 4.62 1855 ORI UPSILON
0.043201 0.433794 0.899976 36570 6.15 1857
0.109271 0.941783 0.317970 36576 5.67 1858
0.102030 0.807999 -0.580283 36597 3.86 1862
0.110093 0.962717 0.247093 36653 5.60 1864
0.113010 0.945279 -0.306066 36673 2.58 1865 ARNEB
0.115242 0.993132 -0.020176 36695 5.36 1868
0.111748 0.991562 0.065698 36777 5.32 1872
0.097634 0.908030 0.407369 36819 5.37 1875
0.108144 0.980369 0.164868 36822 4.39 1876 ORI PHI1
0.106645 0.979216 0.172517 36861 3.39 1879 ORI LAMBDA
0.106629 0.979216 0.172531 36862 5.61 1880
0.106811 0.990695 -0.084345 37018 4.58 1892
0.107247 0.989789 -0.093888 37020 4.98 1893 ORI THETA
0.107228 0.989795 -0.093852 37021 7.96 1894 ORI THETA
0.107200 0.989791 -0.093929 37022 5.13 1895 ORI THETA
0.107148 0.989800 -0.093894 37023 6.71 1896 ORI THETA
0.106733 0.989798 -0.094387 37041 4.98 1897 ORI THETA
0.106420 0.988976 -0.102964 37043 2.75 1899 ORI IOTA
0.105631 0.990796 -0.084653 37077 5.24 1901
0.103579 0.994400 -0.020976 37128 1.69 1903 ALNILAM; ORI EPSILON
0.095533 0.951313 0.293046 37147 5.53 1905
0.099278 0.981874 0.161456 37160 4.09 1907 ORI PHI2
0.090833 0.928252 0.360690 37202 2.97 1910
0.080213 0.857955 0.507425 37269 5.40 1914
0.051120 0.431783 -0.900528 37297 5.34 1917
0.053039 0.458850 -0.886929 37350 3.76 1922
0.087512 0.879659 -0.467485 37430 6.15 1926
0.079434 0.896066 0.436757 37438 5.18 1928
0.092509 0.994678 -0.045364 37468 3.77 1931 ORI SIGMA
0.092341 0.994698 -0.045261 37479 6.65 1932
0.090460 0.993303 0.071871 37490 4.50 1934 ORI OMEGA
0.085054 0.873099 -0.480067 37495 5.28 1935
0.091274 0.987879 -0.125554 37507 4.77 1937
0.040749 0.549242 0.834670 37601 6.05 1941
0.033017 0.476376 0.878622 37638 6.17 1943
0.078153 0.955459 0.284588 37711 4.84 1946
0.083809 0.995905 -0.033898 37742 1.74 1948 ORI ZETA
0.083804 0.995905 -0.033901 37743 4.21 1949
0.028902 0.234356 -0.971721 37763 5.18 1953
0.073456 0.825051 -0.560264 37795 2.65 1956 PHACT
0.076356 0.996748 0.025735 37984 4.90 1963
0.071617 0.921943 -0.380647 38090 5.88 1968
0.032807 0.556551 0.830165 38091 5.93 1969
0.039661 0.643887 0.764092 38104 5.46 1971
0.062706 0.922273 -0.381420 38392 6.15 1982
0.062596 0.922108 -0.381837 38393 3.59 1983
0.055558 0.960506 0.272658 38478 6.00 1985
0.053965 0.966693 0.250184 38545 5.72 1989
0.052188 0.951076 0.304518 38558 5.47 1990
0.020600 0.192779 -0.981026 38602 6.04 1991
0.022465 0.545362 0.837899 38618 6.53 1992
0.052009 0.969324 0.240222 38622 5.28 1993
0.036601 0.774288 0.631774 38656 4.51 1995
0.051605 0.843625 -0.534447 38666 5.18 1996
0.054992 0.965160 -0.255816 38678 3.55 1998
0.051988 0.992301 0.112409 38710 5.26 1999
0.043571 0.908427 0.415766 38751 4.88 2002
0.052638 0.984386 -0.167967 38771 2.07 2004 SAIPH; ORI KAPPA
0.017347 0.515283 0.856845 38831 6.14 2006
0.044479 0.974707 0.219018 38899 4.89 2010
0.031088 0.794805 0.606067 38944 4.72 2011
0.028790 0.774978 0.631332 39003 3.97 2012
0.027282 0.410043 -0.911658 39014 4.34 2015
0.040232 0.968156 0.247095 39019 5.54 2016
0.034847 0.627448 -0.777878 39060 3.85 2020
0.016479 0.164713 -0.986204 39091 5.65 2022
0.011023 0.501565 0.865050 39220 5.20 2027
0.012668 0.563284 0.826166 39283 4.96 2029
0.037339 0.990700 -0.130838 39291 5.36 2031
0.032266 0.969029 0.244830 39317 5.60 2033
0.025795 0.885729 0.463486 39357 4.56 2034
0.035382 0.933674 -0.356371 39364 3.76 2035
0.032961 0.998932 0.032373 39400 4.76 2037
0.031999 0.810746 -0.584523 39425 3.12 2040 WAZN
0.024708 0.556233 -0.830659 39523 4.50 2042
0.022981 0.937750 0.346550 39587 4.39 2047 ORI CHI1
0.020758 0.940949 0.337910 39698 5.92 2052
0.024961 0.830595 -0.556317 39764 4.88 2056
0.011772 0.090124 -0.995861 39780 6.18 2059
0.020891 0.991435 0.128917 39801 0.45 2061 BETELGEUSE; ORI ALPHA
0.015817 0.296915 -0.954773 39810 6.54 2062
0.017112 0.938488 0.344889 39816 5.40 2063
0.017296 0.391936 -0.919830 39844 5.10 2064
0.001208 0.583753 0.811930 40035 3.72 2077
0.007869 0.899112 0.437648 40111 4.81 2084
0.015207 0.969463 -0.244766 40136 3.71 2085
0.015662 0.797213 -0.603495 40176 4.97 2087
0.001453 0.707754 0.706458 40183 1.90 2088 MENKALINAN
0.000197 0.695452 0.718573 40239 4.30 2091
0.013599 0.853602 -0.520748 40248 5.52 2092
0.000971 0.796394 0.604777 40312 2.65 2095
0.006946 0.999462 0.032059 40372 5.89 2100
-0.002855 0.670395 0.741999 40394 5.71 2101
0.011653 0.452424 -0.891727 40409 4.65 2102
0.005121 0.999940 0.009651 40446 5.21 2103
0.008773 0.816259 -0.577620 40494 4.36 2106
0.004228 0.986614 -0.163020 40535 6.15 2107
0.003994 0.986110 -0.166048 40536 5.04 2108
-0.006833 0.924514 0.381087 40724 6.36 2116
-0.010539 0.732326 0.680873 40801 6.08 2119
0.002732 0.733546 -0.679635 40808 3.96 2120
-0.012162 0.621391 0.783406 40873 6.39 2123
-0.010251 0.985805 0.167584 40932 4.12 2124 ORI MU
0.007827 0.184445 -0.982812 40953 5.46 2125
-0.007894 0.982910 -0.183916 40967 4.92 2128
-0.014197 0.941419 0.336941 41040 5.14 2130
-0.016141 0.731390 0.681768 41074 5.90 2132
-0.016516 0.918549 0.394963 41116 4.16 2134
-0.016056 0.938726 0.344290 41117 4.64 2135 ORI CHI2
-0.022488 0.782472 0.622279 41357 5.35 2143
-0.021586 0.995295 0.094455 41361 5.67 2144
-0.021639 0.997132 0.072519 41380 5.63 2145
-0.020858 0.958670 -0.283755 41511 4.92 2148
-0.016021 0.846295 -0.532473 41534 5.65 2149
-0.022470 0.515511 0.856588 41597 5.35 2152
-0.025948 0.965869 -0.257728 41695 4.67 2155
-0.022918 0.911864 -0.409852 41698 6.74 2156
-0.031942 0.966436 0.254915 41753 4.42 2159 ORI NU
-0.023046 0.410574 0.911536 41927 5.36 2165
-0.031704 0.944039 -0.328306 42042 5.28 2168
-0.021570 0.739331 -0.672997 42078 6.15 2171
-0.039048 0.918900 0.392553 42087 5.75 2173
-0.033407 0.658984 0.751415 42126 6.82 2175
-0.033413 0.659009 0.751392 42127 6.09 2176
-0.026138 0.795542 -0.605335 42167 5.00 2177
-0.025488 0.740905 -0.671126 42303 5.50 2181
-0.045823 0.909383 0.413428 42398 5.83 2185
-0.049336 0.939642 0.338583 42509 5.76 2193
-0.010907 0.405957 -0.913827 42525 5.72 2194
-0.049486 0.919797 0.389261 42543 6.51 2197
-0.050504 0.959303 0.277825 42545 4.95 2198
-0.050481 0.968092 0.245456 42560 4.45 2199 ORI XI
-0.034172 0.498846 0.866017 42633 5.37 2201
-0.025785 0.573445 -0.818838 42933 4.72 2212
-0.037240 0.475468 0.878945 42973 5.01 2215
-0.059932 0.921888 0.382794 42995 3.31 2216 GEM ETA
-0.058361 0.868408 0.492404 43039 4.32 2219
-0.061160 0.942642 0.328156 43042 5.20 2220
-0.013759 0.360655 -0.932598 43107 5.06 2221
-0.064576 0.958397 0.278039 43153 5.34 2223
-0.064387 0.991922 -0.109296 43232 3.99 2227
-0.052818 0.687291 0.724460 43244 6.53 2228
-0.067025 0.973799 0.217310 43247 5.44 2229
-0.065003 0.911443 0.406259 43261 6.09 2230
-0.044031 0.512989 0.857265 43378 4.44 2238
-0.054989 0.687921 0.723699 43380 6.33 2239
-0.067751 0.912865 0.402602 43384 6.24 2240
-0.070046 0.974637 0.212548 43386 5.04 2241
-0.020279 0.412770 -0.910609 43455 5.01 2245
-0.073468 0.982238 0.172660 43525 5.39 2247
-0.075317 0.979641 -0.186095 43760 6.76 2255
-0.059009 0.815609 -0.575587 43785 4.37 2256
-0.048961 0.507102 0.860494 43812 6.05 2257
-0.011743 0.262726 -0.964799 43834 5.08 2261
-0.056476 0.592806 0.803362 43905 5.34 2264
-0.085110 0.987031 -0.136112 44112 5.27 2273
-0.076609 0.862074 -0.500958 44402 3.02 2282 FURUD
-0.092391 0.919155 0.382907 44478 2.87 2286 GEM MU
-0.070722 0.648413 0.757996 44537 4.92 2289
-0.063872 0.551374 0.831809 44691 5.53 2291
-0.061137 0.520146 0.851886 44708 5.21 2293
-0.094069 0.946632 -0.308285 44743 1.98 2294 MIRZAM
-0.080397 0.830617 -0.551009 44762 3.85 2296
-0.103191 0.991433 0.080074 44769 4.39 2298
-0.103219 0.991426 0.080127 44770 6.72 2299
-0.107263 0.961204 0.254129 44984 6.30 2308
-0.108968 0.986362 0.123354 44990 6.26 2310
-0.055322 0.551059 -0.832631 45229 5.60 2320
-0.063222 0.602741 -0.795428 45348 -0.62 2326 CANOPUS
-0.113931 0.929740 0.350147 45394 6.22 2330
-0.070645 0.522746 0.849556 45410 5.86 2331
-0.107134 0.855005 0.507434 45412 5.75 2332
-0.118529 0.992937 0.005223 45416 5.19 2334
-0.118662 0.992923 -0.004817 45433 5.55 2335
-0.089689 0.680114 0.727600 45466 5.88 2338
-0.118278 0.930936 0.345497 45542 4.13 2343 GEM NU
-0.121274 0.989141 -0.083019 45546 5.06 2344
-0.074700 0.662636 -0.745207 45572 5.76 2348
-0.033753 0.340612 -0.939598 45669 5.56 2352
-0.124467 0.984640 -0.122442 45725 3.76 2356
-0.124497 0.984633 -0.122466 45726 5.40 2357
-0.124497 0.984633 -0.122466 45727 5.60 2358
-0.103313 0.836282 -0.538479 45813 4.47 2361
-0.132284 0.952583 0.274018 46031 6.38 2371
-0.119089 0.835368 0.536636 46052 5.82 2372
-0.085373 0.562072 0.822671 46101 6.45 2376
-0.038505 0.344944 -0.937833 46116 5.37 2377
-0.140053 0.986519 0.084652 46241 5.88 2382
-0.141907 0.981617 0.127635 46300 4.47 2385